country_code	name	include_code	1990	1991	1992	1993	1994	1995	1996	1997	1998	1999	2000	2001	2002	2003	2004	2005	2006	2007	2008	2009	2010	2011	2012	2013	2014	2015	2016	2017	2018	2019	2020	2021	2022	2023	2024	last.observed
1	Uusimaa	2	0.00406172194287458	0.00636982481779897	0.00430889985552466	0.00630004954567477	0.0060274912973601	0.00706122013000885	0.00719159942828857	0.00805359746436588	0.00838596424278273	0.00770450644772242	0.00600416439833912	0.00577838519018122	0.00371847221498403	0.00228552405849767	0.00170209809642907	0.00397153606233253	0.00525331986782541	0.00599170058481424	0.00657071443366049	0.00564399535564749	0.00481887138951739	0.0061405060365719	0.00700839590639729	0.00753529073027418	0.00735629803890262	0.00676927976418614	0.00773976327799728	0.00827784569443304	0.00701605722000402	0.0090192191037003	0.0059459275329804	0.00463510232740688	0.0100350079888842	0.0144026525159744	0.0116405767828087	2021
2	Southwest Finland	2	0.00181761748674997	0.00271796384476002	0.00219416878077899	0.00216305885796998	0.0034581359814888	0.00421264067990596	0.0038126498602257	0.00459800942330552	0.005719444757928	0.00443729210714141	0.00300601874735799	0.00448704965356683	0.00366988345071047	0.00279371590738301	0.00181599797242945	0.00351856079230175	0.00408485131796526	0.0024323059000294	0.00346504704267559	0.00286878340253265	0.00378990633793582	0.00363214523444138	0.00335226981933569	0.00400101936799185	0.00374001798085568	0.00332263035948078	0.00386084959719731	0.00615897353232414	0.00404946278798618	0.00401593020417615	0.00628787107683168	0.00640361382237418	0.00813893860167598	0.0141487328489403	0.0113981071866683	2021
4	Satakunta	2	-0.00257499678125402	-0.00078914469175593	-0.00129598245439139	-0.00113920313987668	-0.00370373456430083	-0.00423397630143571	-0.00541887027056545	-0.00505029178525281	-0.00468467550984036	-0.005639683562948	-0.0061229140599134	-0.00441404713216634	-0.00236029156542867	-0.00131355747901353	-0.00196609253277184	-0.0021471520717175	-0.00268799522913734	-0.00264164733127578	-0.00168759222117177	0.000274195545649136	0.000163889405657285	-0.000292940142564203	0.000640187788417936	0.000774862395126383	0.000200908104632941	-0.00174024587700767	-0.00144313159556237	-0.00123866822747938	-0.00295941891100703	-0.00298959179154056	-0.000255319939094589	0.000578679397613414	-4.70464254125972e-06	0.00426938698403703	0.00440213764017022	2021
5	Kanta-Häme	2	0.0052019131206548	0.00497424162699918	0.00277434702457366	0.00134735717710464	-0.000454663942724468	-0.00141872351261391	-0.00118259224219489	-0.000163610582574867	-0.00056393029093952	0.00116835159513288	0.00115542596502265	0.00217510830226755	0.0026705086625755	0.00473453026738995	0.00581638131599356	0.00548755500917562	0.0084906326492186	0.00861480673553068	0.00856444426465404	0.00399820512230481	0.00467474434991836	0.00350967300119843	0.00181225494665816	0.00172098403815798	6.27316794981466e-05	-0.00170568370442447	-0.00256069420707672	-0.0036243631310792	-0.00396816134077169	0.00104724294281117	0.00232739466633837	0.00217962200301975	0.00126815975273834	0.00685355683084926	0.00493936443303532	2021
6	Pirkanmaa	2	0.00279112320649435	0.00215083107650252	0.00260098694668553	0.00277198368935425	0.00289194136685885	0.00434502443650819	0.00408517937548667	0.00439695108812756	0.00441473512705197	0.00478972273764394	0.00547076120789113	0.00678872659946513	0.00661373648943823	0.00563745062914122	0.00649517354692955	0.0062217734493826	0.00658517789009725	0.00705110333434589	0.00562894366516864	0.00514852701747919	0.00489276984459457	0.00505409476579127	0.00510815501216418	0.00507983883002537	0.00509929689415449	0.00431705897161558	0.00587324730964229	0.0055955966270879	0.00655670525560906	0.00585144035454881	0.00678012133452679	0.00946769343934723	0.0124579712430375	0.0150470324062829	0.0131461700091308	2021
7	Päijät-Häme	2	0.0023328339051542	0.00192594826202623	0.000218333195864284	-0.00086310144351292	-0.00216810317648942	-0.0021653323493856	-0.00302832604652522	-0.000189930748327148	-0.000570648197824709	-0.000864013121284011	0.000351370344342937	0.000580286827489016	0.00245785149709925	0.00226482953026658	0.00115036816635197	0.00113944918541505	0.00105094415466798	0.00461718829154384	0.00383283639511398	0.00324483634216703	0.00335764954951934	0.00343627830508799	0.00254888951470862	0.00119385879038227	0.00030628017936533	-0.000311713223834073	0.00330338393088304	0.00113435361070522	0.000781121922524277	-0.000770666214283983	0.00196820737616088	0.00227667167176927	0.00356430415395447	0.00691024506184009	0.00764287634080192	2021
8	Kymenlaakso	2	-0.00117185400204268	0.0015510782408948	0.0006331083473726	-0.00159093596482742	-0.00386602107170202	-0.00430130826945475	-0.00329672123121114	-0.00341638333460878	-0.00212935268775897	-0.00398074226212166	-0.0035622985439591	-0.00141668339914776	0.000285338629815089	0.000252325600955473	0.000953957520832749	0.000753100921143589	-0.00211870391818978	-0.000708793576629091	-0.00114994221824992	0.0016917678689421	0.00159085855043706	-4.57595222705875e-05	0.00128391778340766	2.30064878295679e-05	-0.00168875934022717	-0.00221215755218945	-0.00128828248521403	-0.00599320651368479	-0.00519136013635573	-0.00627523471323637	-0.00264108296685748	-0.000966596650370838	-0.00188101926163724	0.00441830856307277	0.00177843269267413	2021
9	South Karelia	2	-0.000242434613958529	0.000456653585444167	-0.00202991987534577	-0.00173390939248687	-0.00226853413928512	-0.00328098184283015	-0.00257666669079276	-0.000137737052717045	-0.00282720529299465	-0.00293719099066105	0.000212767518470422	0.000425966319283789	-0.000426972909305065	0.000420794637452199	-0.000792815755546006	0.00104610271096405	-0.000520674496619335	-0.00121733545433498	0.000785651754248131	0.00040537497184896	0	3.01825288431791e-05	0.00173019530807299	0.00300940628497112	0.000554020825111563	-0.000541344211047997	0.000344811732793895	0.000539021291341008	-0.00241542141725434	-0.000657498219275656	0.000866680848716918	0.0014114997581419	0.00236930907118298	0.007598152793979	0.00711527545709649	2021
10	South Savo	2	9.17644467827385e-05	0.000483399214323302	0.00125991572020085	4.90406424324159e-05	-0.00291349859549699	-0.0028204131257213	-0.00424507224070304	-0.00520374569738313	-0.00633170578043787	-0.00653387061919229	-0.004912981930219	-0.0048910167894798	-0.00410102428118338	-0.00215735625796751	-0.00158374460311097	-0.00114270616598963	-0.00231273800267161	-0.00567663320629127	-0.00307656938847267	-0.00102735764973227	-0.00051995676149036	-0.00111452807991579	-0.000789511956950822	-9.05052980409084e-05	-8.40654028834433e-05	-0.000932065159827992	-0.0013673071171184	-0.00438691273717422	-0.00870495478992335	-0.00734100689429248	-0.00306702235083119	0.00182248952068526	0.00249902262152072	0.00582693166248441	0.00626855058125155	2021
11	North Savo	2	-0.00018865076969514	0.000954747236307459	0.00078320273708746	-0.000280945174485683	-0.00228575711020347	-0.00279375760397735	-0.00303413591121953	-0.00438434034575815	-0.00602785362774106	-0.00564284429957956	-0.00608922388393115	-0.00369978041010732	-0.00220387385150236	-0.0013653390591997	-0.00111007244683337	-0.00368424963724612	-0.00159157016629164	-0.00111649702988202	-0.000968889203974809	-0.000386427712387374	-9.86827822228889e-05	0.00160175482893574	0.0021063094618261	0.00221965518464929	0.00222804976635053	0.00112147023167837	0.00132903506516623	-0.00120841117780339	-0.000782703842436924	-0.00105219615827922	0.00155479024429541	0.00518595765069676	0.00368607406869098	0.00809057576856441	0.00768442417056849	2021
12	North Karelia	2	-0.000120746432491767	0.00147777589254927	0.000966415689786024	0.000370990708865041	-0.00174827085086157	-0.00426684801684802	-0.00595054095826893	-0.00627858004078299	-0.007128406588172	-0.00564213092000587	-0.00401278187380454	-0.00324545693067613	-0.00364448219656099	-0.00184929139301763	-0.00131200221942226	-0.000544507712893827	-0.00360972996890975	-0.00328854976125831	-0.0015100414820734	-4.11917357608996e-05	0.00160209214385845	0.000618618654003641	0.000418888941331949	7.68721320781494e-05	0.0015038840469875	-0.000178222409685794	-0.000220765040364203	-0.00162820458901352	0.000217432007199415	-0.000729638524914116	0.000440267340112635	0.00400536498429088	0.00297157622739018	0.00603125904842873	0.00581155030199086	2021
13	Central Finland	2	0.00342187248319511	0.00402370555208983	0.00157923940415724	0.000553223591310908	0.000142641253392549	-0.000527373372648954	0.00135717982632699	0.00091375177302253	-0.000351475049091895	0.000152610012742936	0.00135129991245099	0.00265200664708962	0.000462315594814486	0.00271386297067971	0.00251835202050766	0.000528545188739364	0.000202319177235346	0.00199628355435488	0.00261605006168527	0.00178019578452599	0.00134276217984898	0.00179127095639892	0.00192136343469381	-0.00053130874167769	2.9305532151832e-05	0.00151035304959663	0.00274907816436056	0.00129666628923329	0.000680613137297234	0.000842805736942008	0.00149660512733982	0.00266609946347957	0.00392017237012594	0.00753464509589382	0.00628210366565492	2021
14	South Ostrobothnia	2	-0.000338147915559635	-0.000289368597719775	-0.000197360187155221	-0.000822661188673254	-0.00406237651435566	-0.00703904218574145	-0.0057676931177721	-0.00658633592765329	-0.00499174612560672	-0.00444055009356343	-0.00610661167727603	-0.00596576821162198	-0.00218384457051057	-0.000552711047688914	0.000341451167461712	-0.0014482841855413	-0.00104719422432109	0.000814762285559093	-0.00188914973148885	-0.000629795895746107	5.03857025530436e-05	0.000890920164493056	0.00053281325398102	-0.00039229295230623	-0.00213880005246113	-0.00367328533573828	-0.0025639460350406	-0.0030012833426218	-0.00344284567405669	-0.00280010558623652	-0.00155607598230549	0.00137670654248496	0.0010745699099458	0.00488089052634894	0.00217976191102991	2021
15	Ostrobothnia	2	-0.00197477080690332	1.78776809072327e-05	0.000463240665403643	-0.000829885357265646	-0.00255874147826551	-0.00245132869120364	-0.00181636384075163	-0.00237328661726758	-0.00246939899447494	-0.0043784085643335	-0.00267734431242823	-0.0015596537806722	-0.00163767485901108	-0.000737893195910644	0.000528625988203919	-0.000391498549675827	0.00134184548087722	0.00225332556730266	0.00386563271225891	0.0035098933666502	0.00167648470063186	0.00489177240626974	0.00120153109390824	0.00273457528627585	0.00224032124505144	0.00166201227853969	-0.00216150150795851	-0.00220114368702914	-0.000561883843285488	-0.00180192470569511	-0.000392455749192337	0.00177231440403088	0.00394162984976435	0.00940304726298127	0.00792172263900777	2021
16	Central Ostrobothnia	2	-0.00312252616764887	-0.000846678247667985	-0.000653243717972912	0.000461660535237683	-0.00124951527424706	-0.00826874128187061	-0.00918902518313034	-0.00683849842801466	-0.00671775260640077	-0.00993488916526447	-0.00724446011873273	-0.00873343086403334	-0.00505207638858023	-0.00438902151510209	-0.00382965458890588	-0.000635981778382536	-0.00325289803643246	-0.00026510353765943	-0.00167669250341957	-0.00228970659464855	-0.00074647619326415	-0.00140178727878045	-0.00157411456055969	-0.0020530890982425	-0.000900743840074384	0.000825704021323444	-0.00269459776609153	-0.00395463797615586	-0.00578634364451978	-0.00403474280348602	-0.0022356886509384	-0.000677317234778768	0.000398200722660571	0.00191921577890634	0.00165379560858202	2021
17	North Ostrobothnia	2	-0.000282212891142791	0.00154481371862362	0.00104740780570865	-0.000406195313173804	-0.00107532529281191	0.000109756532571623	-0.00156737243936672	-0.00291811052343608	-0.00264999918545107	-0.0012952001881961	0.00207976084092111	0.00106881460197984	-0.000877879298227002	-0.00101609118956567	0.00122317911323443	0.000766616078667803	-0.0003330579365899	5.64047605617914e-05	1.7827491009851e-05	0.000235139440216429	0.000107949339124104	0.000882350741897453	0.000163398692810458	0.000750344420389687	-0.000181134587894335	-0.00086330093109688	-0.000571567554420528	-0.000954217007886252	-0.000875871322128974	0.000283409635927622	0.000937583065509992	0.00368861629968985	0.00265278734728467	0.00456474695424493	0.00089163843941759	2021
18	Kainuu	2	-0.00308244735504386	-0.00469682178110424	-0.00445603738724052	-0.0043684772425213	-0.00796934865900383	-0.00863616836122096	-0.00979619037041151	-0.0132851871850252	-0.0117823844814043	-0.0103516096753045	-0.0124918354016982	-0.0131247263216446	-0.0100386932927633	-0.00622401624286957	-0.00458559369450459	-0.00706012134583563	-0.00730758750526394	-0.00468722730559226	-0.00435437319613502	-0.00360956155185905	-0.00500616240804035	-0.00570629872794419	-0.00373216245883644	-0.00547003203875908	-0.00554395091895585	-0.00554936009771122	-0.00221916233306151	-0.00527319190362228	-0.00577599540110319	-0.00409371283157691	-0.000516298280866265	0.00214721773910603	0.000269423292352633	0.00562966763582464	0.00146469650626804	2021
19	Lapland	2	-0.00187368567926089	-0.000838077480015076	-0.000385312671352991	-0.00169545824194781	-0.00663783516619301	-0.00714459488309973	-0.00733875430628331	-0.00963572149851043	-0.0140658133609971	-0.0128529678109821	-0.0142985273872596	-0.0134715354380626	-0.00768464721451509	-0.0044404735791822	-0.00287487328566908	-0.0038697524219591	-0.00443939762619299	-0.00297738489072076	-0.00196235112495447	-0.00136600126259878	-0.00170038367631671	-0.000905471008563792	-0.00161339721292468	-0.000958830555464238	-0.00267953430023989	-0.00309082263433191	-0.000377343832370552	-0.00263359055478371	0.000392108535642666	-0.00339239448862899	0.00105284012113322	0.00324090337348578	0.00280440285559885	0.00773204655123474	0.00546122360928976	2021
21	Åland	2	0.0085351975288571	0.00559423672878013	0.00368103068859281	-0.000159349852601386	0.000476985451943716	-0.00226172525990001	0.000831452666587481	0.00287492123503466	0.00581463414634146	0.0036178324126663	0.00267690875232775	0.00653645032297755	0.00841680313821076	0.00375754355334573	0.00652091971353185	0.00765897033550026	0.00326858076737362	0.00651861672743343	0.00903263403263403	0.00912237686594072	0.00799800049987503	0.0117443746914016	0.00621030841023122	0.00512802623316821	0.00819615437819892	0.00255322085360384	0.00800985828712261	0.00793516226389501	0.00976870656953909	0.0027774059697497	0.00713598194430615	0.00612971262852623	0.00362330775058467	0.00599194525392096	0.00740523259607229	2021
246	Finland	0	0.00141663122254414	0.00258838632396647	0.00168131162484852	0.00165225391853975	0.000576415335982085	0.000638090878994126	0.000527441780715154	0.000720759365646277	0.000654114642748747	0.000537195468375276	0.000498734345792363	0.00111686440222826	0.00100282446538277	0.00110254702731864	0.00127506129441351	0.00170980177259218	0.00196022137766951	0.0025631621565125	0.00290200690383631	0.00271852722647623	0.00255447348191981	0.00311426930014754	0.00321246494630044	0.00331078812827103	0.00292794649173674	0.00226723194688543	0.00305689480324249	0.00268885370016669	0.00216838993105916	0.0028043766736672	0.00321913016984914	0.00412833544901889	0.00617598585182882	0.0103346787771481	0.00834833962062615	2021
